seeds: 79 14 55 13


50 -> 52
51 -> 53
...
97 -> 99

52..99

seed-to-soil map:
50 98 2
52 50 48

/////////////////////////////////////

52 .. 99
54 .. 99
91 .. 99

soil-to-fertilizer map:
99 54 37
37 52 2

52..53->37..38
54..90->99..135

fertilizer-to-water map:
49 53 8
0 11 42
42 0 7
57 7 4

water-to-light map:
88 18 7
18 25 70

light-to-temperature map:
45 77 23
81 45 19
68 64 13

temperature-to-humidity map:
0 69 1
1 0 69

humidity-to-location map:
D  S  R
60 56 37
56 93 4


0
1493900
10954400
50142800
58880800
70432000
72048500
116416700
147059000
201968800
206011400
225907800
240954400
245544400
249098500
270306500
273081100
276255700
276439000
305926100
336906100
387791100
438696300
483303000
543629100
547342200
558171000
563279300
574203200
574788900
577716100
581323800
581556700
593664600
634028700
672423600
686644500
692044900
714025200
715170600
745791700
781498600
790057700
792497600
802032200
820414100
828826100
832582300
834055700
892552300
957727200
977201800
1000791400
1029930600
1070697000
1133852600
1142044500
1165438100
1165940700
1216657200
1240419800
1245368500
1274118700
1297535200
1373274700
1383022300
1404452800
1417647900
1486283100
1498308000
1499968100
1551621600
1565976300
1568172000
1579379800
1581912700
1586748200
1590576900
1626941400
1631307900
1667992800
1686110500
1691906500
1694757400
1704450600
1724674300
1736557800
1737334000
1762393100
1789801100
1810985800
1829850100
1835117300
1860675400
1861622800
1883141100
1935293200
1946094000
1980171200
1980443700
2037913800
2052062000
2058581600
2079715200
2093465800
2130767000
2153455200
2154957700
2156211300
2185167600
2208366400
2218254400
2221669800
2226148800
2250139500
2256686700
2271917500
2282997000
2293449600
2329545100
2364424900
2367492500
2402990200
2408958300
2433043900
2447944900
2467167800
2469873200
2490628300
2491589300
2501095500
2546520800
2548714300
2566615600
2583197600
2587737200
2589495400
2629999500
2647815000
2661387800
2664661100
2709481000
2796772600
2855283300
2886519300
2903070100
2903751000
2932864300
2944942100
2952609100
2976233300
2986643300
2987017100
2990272600
3006925800
3008260300
3008631200
3011352100
3042104200
3069930400
3087959500
3117096200
3123263700
3123850300
3142433100
3146875100
3150205500
3163794700
3164617000
3185731500
3209777700
3217451100
3225513800
3244177900
3259053100
3307269900
3311342400
3312361100
3337183800
3352530700
3354055600
3357201100
3365788100
3370099100
3380026500
3395513800
3406657900
3431064600
3447617800
3475408600
3500622200
3508730100
3572092000
3588337200
3597257400
3606153000
3631175200
3635376400
3637531100
3678343900
3681379400
3723096200
3739626400
3791366300
3801523100
3803299500
3814327700
3834803800
3851871000
3855312800
3881509300
3904026600
3919808900
3941678400
3948801400
3984289300
3988069700
3991957700
4035564000
4046556100
4059504400
4071711300
4078004100
4115470900
4120699800
4161888200
4164664800
4168162100
4179033200
4184104800
4207839900
4222373800
4226801100
4294748500
4294967300